30 30 0 15 0
  0  25.000  25.000   0   0    0 1000
  1  35.573  46.733   0   7  731 791
  2  36.158  11.897   0   9  378 438
  3  43.760  46.624   0  15  679 739
  4  13.387  36.048   0   5  391 451
  5  21.442  34.131   0  12  470 530
  6   4.515  24.464   0   5  501 561
  7  14.379  35.446   0  10  395 455
  8  17.381  24.472   0   8  506 566
  9  43.627  19.724   0  11  883 943
 10   0.062  49.145   0  12  815 875
 11  42.389  13.101   0   8  767 827
 12   6.799  22.468   0  14  843 903
 13  24.429   6.787   0  15  501 561
 14  44.972  41.699   0   8  816 876
 15  30.090  18.098   0  11  413 473
 16  17.571  39.599   0  11  895 955
 17  30.378  32.490   0   5  882 942
 18  20.594   9.692   0  11  624 684
 19  19.930  25.913   0   7  512 572
 20   5.808  45.172   0  10  402 462
 21   0.497  25.269   0  13  423 483
 22  43.952  38.259   0  10  620 680
 23  13.843  16.968   0  10  634 694
 24  19.524  12.881   0  14  841 901
 25  30.948  13.248   0  10  513 573
 26  15.145  19.745   0  13  623 683
 27  18.778  35.536   0   6  385 445
 28  47.436   7.990   0   8  526 586
 29   6.843  25.729   0   9  358 418
 30  17.743  42.465   0  11  858 918
 31  19.942  16.269   0  -7  765 825
 32  13.131  45.499   0  -9  418 478
 33  41.105  42.288   0  -15  684 744
 34  29.622  23.653   0  -5  411 471
 35  20.387  33.750   0  -12  471 531
 36   8.195  24.765   0  -5  504 564
 37  39.947  22.762   0  -10  423 483
 38  32.184  39.039   0  -8  526 586
 39  46.070  49.150   0  -11  912 972
 40  15.395  23.920   0  -12  844 904
 41  38.336  13.008   0  -8  771 831
 42  49.706  28.635   0  -14  886 946
 43  17.748  22.292   0  -15  517 577
 44  42.549  29.924   0  -8  828 888
 45  44.178   9.661   0  -11  429 489
 46  26.591  36.243   0  -11  904 964
 47   3.855   9.895   0  -5  916 976
 48  37.401  26.569   0  -11  647 707
 49  45.989  20.442   0  -7  538 598
 50  35.511  15.228   0  -10  444 504
 51  39.026  12.034   0  -13  463 523
 52  28.364  23.084   0  -10  641 701
 53  40.399  46.524   0  -10  673 733
 54  42.439  43.835   0  -14  879 939
 55  48.019  11.272   0  -10  530 590
 56   7.711  35.675   0  -13  640 700
 57  12.451  19.724   0  -6  402 462
 58  11.466  10.009   0  -8  562 622
 59  31.894   3.068   0  -9  391 451
 60  31.193  29.453   0  -11  876 936
 61  25.000  25.000   0   0    0 1000
