35 35 0 15 0
  0  25.000  25.000   0   0    0 1000
  1  35.573  46.733   0   7  731 791
  2  36.158  11.897   0   9  378 438
  3  43.760  46.624   0  15  679 739
  4  13.387  36.048   0   5  391 451
  5  21.442  34.131   0  12  470 530
  6   4.515  24.464   0   5  501 561
  7  14.379  35.446   0  10  395 455
  8  17.381  24.472   0   8  506 566
  9  43.627  19.724   0  11  883 943
 10   0.062  49.145   0  12  815 875
 11  42.389  13.101   0   8  767 827
 12   6.799  22.468   0  14  843 903
 13  24.429   6.787   0  15  501 561
 14  44.972  41.699   0   8  816 876
 15  30.090  18.098   0  11  413 473
 16  17.571  39.599   0  11  895 955
 17  30.378  32.490   0   5  882 942
 18  20.594   9.692   0  11  624 684
 19  19.930  25.913   0   7  512 572
 20   5.808  45.172   0  10  402 462
 21   0.497  25.269   0  13  423 483
 22  43.952  38.259   0  10  620 680
 23  13.843  16.968   0  10  634 694
 24  19.524  12.881   0  14  841 901
 25  30.948  13.248   0  10  513 573
 26  15.145  19.745   0  13  623 683
 27  18.778  35.536   0   6  385 445
 28  47.436   7.990   0   8  526 586
 29   6.843  25.729   0   9  358 418
 30  17.743  42.465   0  11  858 918
 31  38.701  13.318   0   6  797 857
 32  20.898   8.813   0   6  491 551
 33  17.899  14.988   0  10  355 415
 34   7.783   1.600   0  12  617 677
 35  14.706  29.557   0   6  642 702
 36  19.942  16.269   0  -7  765 825
 37  13.131  45.499   0  -9  418 478
 38  41.105  42.288   0  -15  684 744
 39  29.622  23.653   0  -5  411 471
 40  20.387  33.750   0  -12  471 531
 41   8.195  24.765   0  -5  504 564
 42  39.947  22.762   0  -10  423 483
 43  32.184  39.039   0  -8  526 586
 44  46.070  49.150   0  -11  912 972
 45  15.395  23.920   0  -12  844 904
 46  38.336  13.008   0  -8  771 831
 47  49.706  28.635   0  -14  886 946
 48  17.748  22.292   0  -15  517 577
 49  42.549  29.924   0  -8  828 888
 50  44.178   9.661   0  -11  429 489
 51  26.591  36.243   0  -11  904 964
 52   3.855   9.895   0  -5  916 976
 53  37.401  26.569   0  -11  647 707
 54  45.989  20.442   0  -7  538 598
 55  35.511  15.228   0  -10  444 504
 56  39.026  12.034   0  -13  463 523
 57  28.364  23.084   0  -10  641 701
 58  40.399  46.524   0  -10  673 733
 59  42.439  43.835   0  -14  879 939
 60  48.019  11.272   0  -10  530 590
 61   7.711  35.675   0  -13  640 700
 62  12.451  19.724   0  -6  402 462
 63  11.466  10.009   0  -8  562 622
 64  31.894   3.068   0  -9  391 451
 65  31.193  29.453   0  -11  876 936
 66  27.643  20.718   0  -6  810 870
 67  39.090  29.910   0  -6  518 578
 68   4.979  34.382   0  -10  378 438
 69  48.532   5.628   0  -12  657 717
 70   0.104  43.096   0  -6  661 721
 71  25.000  25.000   0   0    0 1000
