50 50 0 15 0
  0  25.000  25.000   0   0    0 1000
  1  35.573  46.733   0   7  731 791
  2  36.158  11.897   0   9  378 438
  3  43.760  46.624   0  15  679 739
  4  13.387  36.048   0   5  391 451
  5  21.442  34.131   0  12  470 530
  6   4.515  24.464   0   5  501 561
  7  14.379  35.446   0  10  395 455
  8  17.381  24.472   0   8  506 566
  9  43.627  19.724   0  11  883 943
 10   0.062  49.145   0  12  815 875
 11  42.389  13.101   0   8  767 827
 12   6.799  22.468   0  14  843 903
 13  24.429   6.787   0  15  501 561
 14  44.972  41.699   0   8  816 876
 15  30.090  18.098   0  11  413 473
 16  17.571  39.599   0  11  895 955
 17  30.378  32.490   0   5  882 942
 18  20.594   9.692   0  11  624 684
 19  19.930  25.913   0   7  512 572
 20   5.808  45.172   0  10  402 462
 21   0.497  25.269   0  13  423 483
 22  43.952  38.259   0  10  620 680
 23  13.843  16.968   0  10  634 694
 24  19.524  12.881   0  14  841 901
 25  30.948  13.248   0  10  513 573
 26  15.145  19.745   0  13  623 683
 27  18.778  35.536   0   6  385 445
 28  47.436   7.990   0   8  526 586
 29   6.843  25.729   0   9  358 418
 30  17.743  42.465   0  11  858 918
 31  38.701  13.318   0   6  797 857
 32  20.898   8.813   0   6  491 551
 33  17.899  14.988   0  10  355 415
 34   7.783   1.600   0  12  617 677
 35  14.706  29.557   0   6  642 702
 36  34.814   5.847   0  15  683 743
 37  37.222  46.889   0  15  358 418
 38   1.014  18.218   0   8  428 488
 39  14.534  22.632   0   8  530 590
 40  16.238  41.080   0  15  846 906
 41  30.924  27.954   0  13  474 534
 42   3.751  41.320   0   5  653 713
 43  34.475   6.348   0   5  472 532
 44  19.697  48.835   0  14  675 735
 45  40.315  30.836   0  11  560 620
 46  46.562  26.698   0  10  351 411
 47  23.704  40.859   0   8  863 923
 48   4.908  35.326   0   7  451 511
 49   9.956  27.345   0   6  887 947
 50  41.274  32.402   0   9  642 702
 51  19.942  16.269   0  -7  765 825
 52  13.131  45.499   0  -9  418 478
 53  41.105  42.288   0  -15  684 744
 54  29.622  23.653   0  -5  411 471
 55  20.387  33.750   0  -12  471 531
 56   8.195  24.765   0  -5  504 564
 57  39.947  22.762   0  -10  423 483
 58  32.184  39.039   0  -8  526 586
 59  46.070  49.150   0  -11  912 972
 60  15.395  23.920   0  -12  844 904
 61  38.336  13.008   0  -8  771 831
 62  49.706  28.635   0  -14  886 946
 63  17.748  22.292   0  -15  517 577
 64  42.549  29.924   0  -8  828 888
 65  44.178   9.661   0  -11  429 489
 66  26.591  36.243   0  -11  904 964
 67   3.855   9.895   0  -5  916 976
 68  37.401  26.569   0  -11  647 707
 69  45.989  20.442   0  -7  538 598
 70  35.511  15.228   0  -10  444 504
 71  39.026  12.034   0  -13  463 523
 72  28.364  23.084   0  -10  641 701
 73  40.399  46.524   0  -10  673 733
 74  42.439  43.835   0  -14  879 939
 75  48.019  11.272   0  -10  530 590
 76   7.711  35.675   0  -13  640 700
 77  12.451  19.724   0  -6  402 462
 78  11.466  10.009   0  -8  562 622
 79  31.894   3.068   0  -9  391 451
 80  31.193  29.453   0  -11  876 936
 81  27.643  20.718   0  -6  810 870
 82  39.090  29.910   0  -6  518 578
 83   4.979  34.382   0  -10  378 438
 84  48.532   5.628   0  -12  657 717
 85   0.104  43.096   0  -6  661 721
 86  35.129  12.788   0  -15  689 749
 87  16.979  42.131   0  -15  378 438
 88  33.836  16.463   0  -8  460 520
 89  17.004   0.135   0  -8  552 612
 90  47.985  48.353   0  -15  878 938
 91  15.167  40.338   0  -13  494 554
 92  49.188  25.691   0  -5  701 761
 93  39.884  22.741   0  -5  489 549
 94  48.700   3.276   0  -14  729 789
 95  32.483  35.647   0  -11  569 629
 96  36.360  12.366   0  -10  368 428
 97  15.168   2.888   0  -8  901 961
 98  12.586  38.003   0  -7  459 519
 99  24.069  10.394   0  -6  909 969
100  46.755  43.039   0  -9  653 713
101  25.000  25.000   0   0    0 1000
