75 75 0 15 0
  0  25.000  25.000   0   0    0 1000
  1  35.573  46.733   0   7  731 791
  2  36.158  11.897   0   9  378 438
  3  43.760  46.624   0  15  679 739
  4  13.387  36.048   0   5  391 451
  5  21.442  34.131   0  12  470 530
  6   4.515  24.464   0   5  501 561
  7  14.379  35.446   0  10  395 455
  8  17.381  24.472   0   8  506 566
  9  43.627  19.724   0  11  883 943
 10   0.062  49.145   0  12  815 875
 11  42.389  13.101   0   8  767 827
 12   6.799  22.468   0  14  843 903
 13  24.429   6.787   0  15  501 561
 14  44.972  41.699   0   8  816 876
 15  30.090  18.098   0  11  413 473
 16  17.571  39.599   0  11  895 955
 17  30.378  32.490   0   5  882 942
 18  20.594   9.692   0  11  624 684
 19  19.930  25.913   0   7  512 572
 20   5.808  45.172   0  10  402 462
 21   0.497  25.269   0  13  423 483
 22  43.952  38.259   0  10  620 680
 23  13.843  16.968   0  10  634 694
 24  19.524  12.881   0  14  841 901
 25  30.948  13.248   0  10  513 573
 26  15.145  19.745   0  13  623 683
 27  18.778  35.536   0   6  385 445
 28  47.436   7.990   0   8  526 586
 29   6.843  25.729   0   9  358 418
 30  17.743  42.465   0  11  858 918
 31  38.701  13.318   0   6  797 857
 32  20.898   8.813   0   6  491 551
 33  17.899  14.988   0  10  355 415
 34   7.783   1.600   0  12  617 677
 35  14.706  29.557   0   6  642 702
 36  34.814   5.847   0  15  683 743
 37  37.222  46.889   0  15  358 418
 38   1.014  18.218   0   8  428 488
 39  14.534  22.632   0   8  530 590
 40  16.238  41.080   0  15  846 906
 41  30.924  27.954   0  13  474 534
 42   3.751  41.320   0   5  653 713
 43  34.475   6.348   0   5  472 532
 44  19.697  48.835   0  14  675 735
 45  40.315  30.836   0  11  560 620
 46  46.562  26.698   0  10  351 411
 47  23.704  40.859   0   8  863 923
 48   4.908  35.326   0   7  451 511
 49   9.956  27.345   0   6  887 947
 50  41.274  32.402   0   9  642 702
 51   8.470  26.210   0  12  394 454
 52   0.336  28.236   0  14  522 582
 53   3.781  19.768   0  13  902 962
 54  13.176  20.859   0  13  705 765
 55  37.276  16.622   0   9  545 605
 56  33.522  12.051   0   7  613 673
 57  35.081  26.777   0   7  711 771
 58  45.081   0.164   0   8  782 842
 59  25.314  10.926   0  15  750 810
 60  19.756  40.500   0  13  663 723
 61  27.432  14.038   0  13  759 819
 62  47.045  16.717   0  10  761 821
 63  34.838   5.902   0  12  666 726
 64  35.569  40.260   0  15  407 467
 65  26.571   6.113   0   8  912 972
 66  40.105  32.122   0   5  724 784
 67  44.352  46.200   0   7  475 535
 68  45.488  17.073   0   5  814 874
 69  17.883  38.041   0   6  455 515
 70  12.691  46.422   0   9  524 584
 71  46.160  24.746   0  11  604 664
 72  24.902   6.513   0   9  532 592
 73  30.197  17.806   0  15  570 630
 74  37.171  19.511   0  10  838 898
 75   7.565  26.344   0   5  485 545
 76  19.942  16.269   0  -7  765 825
 77  13.131  45.499   0  -9  418 478
 78  41.105  42.288   0  -15  684 744
 79  29.622  23.653   0  -5  411 471
 80  20.387  33.750   0  -12  471 531
 81   8.195  24.765   0  -5  504 564
 82  39.947  22.762   0  -10  423 483
 83  32.184  39.039   0  -8  526 586
 84  46.070  49.150   0  -11  912 972
 85  15.395  23.920   0  -12  844 904
 86  38.336  13.008   0  -8  771 831
 87  49.706  28.635   0  -14  886 946
 88  17.748  22.292   0  -15  517 577
 89  42.549  29.924   0  -8  828 888
 90  44.178   9.661   0  -11  429 489
 91  26.591  36.243   0  -11  904 964
 92   3.855   9.895   0  -5  916 976
 93  37.401  26.569   0  -11  647 707
 94  45.989  20.442   0  -7  538 598
 95  35.511  15.228   0  -10  444 504
 96  39.026  12.034   0  -13  463 523
 97  28.364  23.084   0  -10  641 701
 98  40.399  46.524   0  -10  673 733
 99  42.439  43.835   0  -14  879 939
100  48.019  11.272   0  -10  530 590
101   7.711  35.675   0  -13  640 700
102  12.451  19.724   0  -6  402 462
103  11.466  10.009   0  -8  562 622
104  31.894   3.068   0  -9  391 451
105  31.193  29.453   0  -11  876 936
106  27.643  20.718   0  -6  810 870
107  39.090  29.910   0  -6  518 578
108   4.979  34.382   0  -10  378 438
109  48.532   5.628   0  -12  657 717
110   0.104  43.096   0  -6  661 721
111  35.129  12.788   0  -15  689 749
112  16.979  42.131   0  -15  378 438
113  33.836  16.463   0  -8  460 520
114  17.004   0.135   0  -8  552 612
115  47.985  48.353   0  -15  878 938
116  15.167  40.338   0  -13  494 554
117  49.188  25.691   0  -5  701 761
118  39.884  22.741   0  -5  489 549
119  48.700   3.276   0  -14  729 789
120  32.483  35.647   0  -11  569 629
121  36.360  12.366   0  -10  368 428
122  15.168   2.888   0  -8  901 961
123  12.586  38.003   0  -7  459 519
124  24.069  10.394   0  -6  909 969
125  46.755  43.039   0  -9  653 713
126  13.844  20.995   0  -12  401 461
127  25.348  19.215   0  -14  548 608
128  31.764  39.147   0  -13  936 996
129  10.465  10.359   0  -13  715 775
130  23.583  10.424   0  -9  560 620
131  41.055  41.004   0  -7  642 702
132   7.562  26.507   0  -7  738 798
133  11.016  21.483   0  -8  822 882
134   0.567  23.767   0  -15  777 837
135  30.076   1.565   0  -13  703 763
136  23.034   4.766   0  -13  769 829
137  40.209  49.579   0  -10  794 854
138  34.419   7.978   0  -12  668 728
139  16.493  48.140   0  -15  427 487
140   4.548  14.068   0  -8  935 995
141  27.356  27.878   0  -5  737 797
142  46.620  14.406   0  -7  506 566
143   9.096  23.066   0  -5  850 910
144  39.900  43.636   0  -6  477 537
145  32.354  16.702   0  -9  559 619
146  46.868  23.879   0  -11  605 665
147  42.107  22.374   0  -9  555 615
148  44.741  28.931   0  -15  588 648
149  25.874  48.204   0  -10  868 928
150   9.642  19.036   0  -5  492 552
151  25.000  25.000   0   0    0 1000
