30 30 0 20 0
  0  25.000  25.000   0   0    0 1000
  1   1.927  28.760   0   6  482 542
  2  40.713  20.398   0  20  768 828
  3  23.997  42.655   0   9  658 718
  4   4.641  41.602   0  20  797 857
  5  19.457  28.911   0  11  388 448
  6  49.712  41.703   0  14  875 935
  7  27.729  30.525   0  20  430 490
  8  29.411  35.205   0  12  556 616
  9  21.106  14.542   0   9  518 578
 10   6.231  27.622   0  16  649 709
 11   5.233  21.397   0  20  908 968
 12  26.298  18.397   0   7  611 671
 13   0.415  27.147   0  16  588 648
 14  44.045  44.430   0   7  766 826
 15  31.177  33.186   0   7  883 943
 16  32.344  28.953   0   6  842 902
 17  28.282   9.106   0  19  467 527
 18   7.452  42.655   0  16  626 686
 19  43.067  20.853   0  16  599 659
 20  16.577   1.804   0  20  717 777
 21   5.976  14.501   0  16  883 943
 22  15.093   2.601   0  12  584 644
 23  10.374  31.063   0   5  673 733
 24  24.231  25.224   0  19  904 964
 25  28.297  11.780   0  14  712 772
 26  35.637  29.455   0   5  831 891
 27  20.539  15.239   0  12  366 426
 28  14.764  30.114   0  19  778 838
 29   1.947  14.707   0  13  566 626
 30  30.085  33.939   0  18  467 527
 31  30.792  21.611   0  -6  511 571
 32  49.256   1.163   0  -20  789 849
 33  31.284  41.613   0  -9  665 725
 34  49.040   6.118   0  -20  853 913
 35  43.522   5.032   0  -11  421 481
 36  20.092  47.851   0  -14  905 965
 37  29.362  43.857   0  -20  443 503
 38  43.592  16.373   0  -12  579 639
 39   8.425  35.962   0  -9  542 602
 40  22.590   4.106   0  -16  677 737
 41  23.546  22.740   0  -20  926 986
 42  24.540  28.941   0  -7  621 681
 43  10.773   6.480   0  -16  611 671
 44   8.468  49.652   0  -7  801 861
 45  29.079  18.591   0  -7  897 957
 46   6.213   8.965   0  -6  874 934
 47  30.165  32.199   0  -19  490 550
 48  36.175  39.439   0  -16  654 714
 49  21.201  19.103   0  -16  620 680
 50  33.213   8.867   0  -20  735 795
 51   5.536   0.010   0  -16  897 957
 52  20.402  32.033   0  -12  613 673
 53  41.624  36.164   0  -5  704 764
 54   6.121  13.830   0  -19  925 985
 55   2.914  17.905   0  -14  738 798
 56  29.446  23.643   0  -5  839 899
 57  33.206  23.665   0  -12  381 441
 58  43.950   8.239   0  -19  814 874
 59   0.877  35.499   0  -13  586 646
 60  16.035   8.880   0  -18  495 555
 61  25.000  25.000   0   0    0 1000
