50 50 0 20 0
  0  25.000  25.000   0   0    0 1000
  1   1.927  28.760   0   6  482 542
  2  40.713  20.398   0  20  768 828
  3  23.997  42.655   0   9  658 718
  4   4.641  41.602   0  20  797 857
  5  19.457  28.911   0  11  388 448
  6  49.712  41.703   0  14  875 935
  7  27.729  30.525   0  20  430 490
  8  29.411  35.205   0  12  556 616
  9  21.106  14.542   0   9  518 578
 10   6.231  27.622   0  16  649 709
 11   5.233  21.397   0  20  908 968
 12  26.298  18.397   0   7  611 671
 13   0.415  27.147   0  16  588 648
 14  44.045  44.430   0   7  766 826
 15  31.177  33.186   0   7  883 943
 16  32.344  28.953   0   6  842 902
 17  28.282   9.106   0  19  467 527
 18   7.452  42.655   0  16  626 686
 19  43.067  20.853   0  16  599 659
 20  16.577   1.804   0  20  717 777
 21   5.976  14.501   0  16  883 943
 22  15.093   2.601   0  12  584 644
 23  10.374  31.063   0   5  673 733
 24  24.231  25.224   0  19  904 964
 25  28.297  11.780   0  14  712 772
 26  35.637  29.455   0   5  831 891
 27  20.539  15.239   0  12  366 426
 28  14.764  30.114   0  19  778 838
 29   1.947  14.707   0  13  566 626
 30  30.085  33.939   0  18  467 527
 31  21.311  25.250   0   5  634 694
 32  33.972   7.487   0  20  696 756
 33  43.162  13.590   0  12  575 635
 34  24.153  10.356   0  17  826 886
 35   4.895  49.819   0  17  565 625
 36  40.441  13.417   0  10  903 963
 37  49.513  33.466   0   7  514 574
 38  12.350  35.096   0  13  907 967
 39   0.797  45.090   0   8  747 807
 40   2.093  41.458   0   5  821 881
 41  40.711  22.952   0   6  742 802
 42  42.301  11.262   0  13  677 737
 43  27.666  25.127   0   9  811 871
 44  26.881   2.860   0  12  680 740
 45  25.203  37.360   0  10  628 688
 46  38.211  44.863   0   8  680 740
 47  36.285  23.702   0  20  475 535
 48  44.160  28.401   0  11  591 651
 49  46.204  48.128   0  20  590 650
 50  16.726  43.052   0   6  683 743
 51  30.792  21.611   0  -6  511 571
 52  49.256   1.163   0  -20  789 849
 53  31.284  41.613   0  -9  665 725
 54  49.040   6.118   0  -20  853 913
 55  43.522   5.032   0  -11  421 481
 56  20.092  47.851   0  -14  905 965
 57  29.362  43.857   0  -20  443 503
 58  43.592  16.373   0  -12  579 639
 59   8.425  35.962   0  -9  542 602
 60  22.590   4.106   0  -16  677 737
 61  23.546  22.740   0  -20  926 986
 62  24.540  28.941   0  -7  621 681
 63  10.773   6.480   0  -16  611 671
 64   8.468  49.652   0  -7  801 861
 65  29.079  18.591   0  -7  897 957
 66   6.213   8.965   0  -6  874 934
 67  30.165  32.199   0  -19  490 550
 68  36.175  39.439   0  -16  654 714
 69  21.201  19.103   0  -16  620 680
 70  33.213   8.867   0  -20  735 795
 71   5.536   0.010   0  -16  897 957
 72  20.402  32.033   0  -12  613 673
 73  41.624  36.164   0  -5  704 764
 74   6.121  13.830   0  -19  925 985
 75   2.914  17.905   0  -14  738 798
 76  29.446  23.643   0  -5  839 899
 77  33.206  23.665   0  -12  381 441
 78  43.950   8.239   0  -19  814 874
 79   0.877  35.499   0  -13  586 646
 80  16.035   8.880   0  -18  495 555
 81   1.607  24.618   0  -5  653 713
 82  33.822  45.294   0  -20  733 793
 83   5.351  33.197   0  -12  617 677
 84  24.858  30.971   0  -17  846 906
 85  40.939  38.227   0  -17  602 662
 86  38.800   1.402   0  -10  915 975
 87  38.172  36.141   0  -7  525 585
 88   1.899  28.514   0  -13  919 979
 89  14.120  25.943   0  -8  770 830
 90   3.232  19.697   0  -5  842 902
 91  21.550  48.972   0  -6  774 834
 92  25.121  14.175   0  -13  694 754
 93  46.614  33.525   0  -9  831 891
 94  26.917  10.262   0  -12  687 747
 95  17.662  23.509   0  -10  643 703
 96  45.891  16.132   0  -8  709 769
 97   9.526  12.561   0  -20  503 563
 98  44.876  15.993   0  -11  603 663
 99  37.866   5.636   0  -20  633 693
100  19.544   2.811   0  -6  723 783
101  25.000  25.000   0   0    0 1000
