60 60 0 20 0
  0  25.000  25.000   0   0    0 1000
  1  47.483  19.660   0   5  358 418
  2   5.331  24.474   0  20  666 726
  3  26.401  15.403   0  20  807 867
  4  37.477   6.474   0  15  612 672
  5  43.062  13.188   0  12  498 558
  6  21.739  11.908   0  18  510 570
  7  33.577   1.716   0   7  456 516
  8  34.209  38.606   0  20  746 806
  9   8.032   9.129   0   9  499 559
 10  19.098   0.360   0  15  886 946
 11   7.578  19.942   0  11  739 799
 12  29.943  46.096   0  15  839 899
 13   4.324   1.655   0  18  445 505
 14  42.674  18.715   0   5  755 815
 15  37.125  33.361   0  16  744 804
 16  23.894   9.040   0  19  439 499
 17  49.189  22.832   0  19  879 939
 18  30.960  20.511   0  15  923 983
 19  49.061   9.657   0  10  397 457
 20  22.284   4.945   0   6  690 750
 21  40.976  41.481   0   5  489 549
 22  24.164   4.509   0  20  548 608
 23  26.562  15.123   0  20  396 456
 24   8.141   8.595   0  10  768 828
 25  40.549  35.473   0  19  453 513
 26  14.918  48.339   0   7  562 622
 27  39.422  21.959   0  19  898 958
 28   1.585  16.297   0  10  625 685
 29  32.230   5.886   0  18  887 947
 30  44.297   2.374   0  14  476 536
 31  34.729  23.412   0  15  813 873
 32  18.622   9.623   0  17  425 485
 33  44.229  40.550   0   8  786 846
 34  22.086   0.326   0  13  521 581
 35  45.961  44.388   0  20  807 867
 36  40.739  34.906   0   9  627 687
 37  18.587  42.562   0  14  515 575
 38  40.015  29.088   0  14  465 525
 39  46.932  32.844   0  20  460 520
 40  49.341  44.780   0  18  523 583
 41  25.916  45.283   0   8  467 527
 42   4.845  15.272   0  20  508 568
 43  32.440  29.275   0   8  837 897
 44   1.378  30.644   0  15  903 963
 45   0.886   6.005   0  19  413 473
 46  48.333  14.734   0  18  574 634
 47  14.583  11.094   0  14  542 602
 48  30.014  22.474   0   7  614 674
 49  28.206  31.931   0   7  793 853
 50  29.193  32.178   0  16  821 881
 51  25.198  45.138   0  17  896 956
 52  43.553  10.504   0   6  399 459
 53   1.422   7.970   0  12  515 575
 54   2.634  12.308   0  16  667 727
 55  16.949  37.356   0  20  501 561
 56  24.827   2.956   0  11  908 968
 57  45.364  18.704   0   6  351 411
 58  48.885  38.759   0   7  622 682
 59  41.305  35.612   0   6  786 846
 60  28.002   7.563   0   9  596 656
 61  48.623  36.616   0  -5  374 434
 62  42.178  41.258   0  -20  706 766
 63  26.158  15.942   0  -20  807 867
 64   8.420   9.386   0  -15  641 701
 65   4.591  15.037   0  -12  536 596
 66  25.291  33.533   0  -18  531 591
 67  10.458  40.743   0  -7  501 561
 68  22.664  15.980   0  -20  771 831
 69  49.743   2.268   0  -9  541 601
 70  35.322  28.854   0  -15  918 978
 71  36.409  23.709   0  -11  768 828
 72   5.353  48.684   0  -15  863 923
 73  35.675  40.944   0  -18  495 555
 74  16.447  48.589   0  -5  794 854
 75   4.507  32.193   0  -16  776 836
 76  35.331  22.057   0  -19  456 516
 77  24.147  21.486   0  -19  904 964
 78  29.567   7.469   0  -15  936 996
 79  11.068  43.073   0  -10  447 507
 80  22.752  32.001   0  -6  717 777
 81  19.424  43.380   0  -5  510 570
 82  33.023  36.404   0  -20  581 641
 83   7.654  12.649   0  -20  415 475
 84  15.522  44.325   0  -10  804 864
 85   3.471  34.386   0  -19  490 550
 86   4.959  31.007   0  -7  581 641
 87  35.554   5.187   0  -19  915 975
 88   3.648  28.745   0  -10  637 697
 89  11.561  33.959   0  -18  921 981
 90  17.988  42.306   0  -14  523 583
 91  42.405   2.718   0  -15  835 895
 92   4.436  48.539   0  -17  466 526
 93  11.805  44.055   0  -8  818 878
 94  16.367  42.993   0  -13  564 624
 95   2.082  28.117   0  -20  853 913
 96  32.188  42.616   0  -9  638 698
 97  44.023  44.306   0  -14  540 600
 98  35.033  29.116   0  -14  469 529
 99  39.851  11.728   0  -20  482 542
100  16.664  35.661   0  -18  556 616
101   2.667  24.735   0  -8  498 558
102  20.966   7.473   0  -20  525 585
103   0.159  25.698   0  -8  869 929
104  18.916   3.195   0  -15  935 995
105  20.344  49.793   0  -19  460 520
106  40.000  19.438   0  -18  583 643
107   3.620  35.106   0  -14  568 628
108  46.776  14.953   0  -7  632 692
109  28.737  27.858   0  -7  797 857
110  32.384  12.967   0  -16  840 900
111  25.700   6.967   0  -17  934 994
112  25.399  15.165   0  -6  417 477
113  43.017  25.034   0  -12  559 619
114  34.450  12.529   0  -16  698 758
115  24.389   0.572   0  -20  538 598
116  45.989  10.968   0  -11  930 990
117   3.539  44.452   0  -6  400 460
118  13.724   0.521   0  -7  673 733
119  23.082  27.051   0  -6  806 866
120   6.991  28.566   0  -9  625 685
121  25.000  25.000   0   0    0 1000
