40 40 0 15 0
  0  25.000  25.000   0   0    0 1000
  1  13.850  26.773   0   9  331 451
  2  34.924  33.086   0  10  722 842
  3  31.720  11.567   0  14  704 824
  4  28.881  37.179   0  11  700 820
  5  41.328  33.122   0  12  652 772
  6  17.327  29.285   0  14  853 973
  7  22.503  21.888   0   6  728 848
  8  22.048  24.351   0  12  447 567
  9  36.595  28.844   0  10  356 476
 10   1.654   3.597   0  12  636 756
 11  47.114   2.880   0  10  514 634
 12   1.391  41.648   0  10  760 880
 13   7.407  46.855   0  11  713 833
 14  18.813  46.961   0  15  595 715
 15  40.003  25.432   0  14  765 885
 16  14.914  28.117   0   8  471 591
 17  22.596   8.832   0   8  762 882
 18  17.636  45.275   0   8  315 435
 19  46.958   7.590   0  14  690 810
 20  34.451   5.703   0   7  316 436
 21   2.994  22.136   0  11  518 638
 22  38.333  39.870   0  15  649 769
 23  13.195  12.961   0   6  295 415
 24  16.605  25.788   0  10  401 521
 25   5.014  42.745   0   7  460 580
 26  26.079   1.820   0  15  640 760
 27   3.522  33.992   0  14  802 922
 28  41.104  34.886   0   5  556 676
 29  14.032  29.354   0  13  673 793
 30  29.085  43.067   0   9  491 611
 31  11.656  13.989   0   7  794 914
 32  45.083  38.459   0  11  816 936
 33  29.697   8.788   0   8  302 422
 34  48.224  25.855   0  11  838 958
 35  46.562  12.931   0  13  829 949
 36  16.660   2.533   0  11  531 651
 37  12.706  18.166   0   5  848 968
 38  43.191  15.209   0   5  322 442
 39  35.998  25.518   0   7  597 717
 40   3.739   8.584   0   8  758 878
 41  34.548  16.947   0  -9  353 473
 42  28.402  46.895   0  -10  737 857
 43  16.459  40.222   0  -14  736 856
 44   2.980  41.789   0  -11  726 846
 45  27.881  11.250   0  -12  677 797
 46  12.338  31.567   0  -14  858 978
 47  24.993  36.846   0  -6  743 863
 48  34.128  43.463   0  -12  469 589
 49  37.055  14.494   0  -10  370 490
 50  42.347  34.900   0  -12  687 807
 51  21.314  35.006   0  -10  555 675
 52   4.802   1.609   0  -10  800 920
 53   3.391  29.245   0  -11  731 851
 54  32.467  49.455   0  -15  608 728
 55  40.532  24.883   0  -14  765 885
 56  43.111   6.773   0  -8  506 626
 57   7.223  34.563   0  -8  791 911
 58  16.030  15.249   0  -8  345 465
 59   8.135  15.820   0  -14  729 849
 60  30.819   3.480   0  -7  320 440
 61  15.362  11.994   0  -11  533 653
 62   5.307   2.384   0  -15  698 818
 63  47.712  34.265   0  -6  335 455
 64   9.968  45.713   0  -10  422 542
 65  39.265  24.082   0  -7  499 619
 66  39.826  36.958   0  -15  677 797
 67  31.608   6.402   0  -14  841 961
 68   0.621  16.762   0  -5  600 720
 69  33.641  41.836   0  -13  696 816
 70  18.985  21.045   0  -9  515 635
 71  27.031   7.841   0  -7  810 930
 72  32.057   9.578   0  -11  847 967
 73  42.026  44.074   0  -8  339 459
 74  34.019  12.171   0  -11  857 977
 75  41.886  31.076   0  -13  847 967
 76  44.692  14.562   0  -11  561 681
 77   8.588  23.120   0  -5  854 974
 78  21.135  31.892   0  -5  349 469
 79  13.347  44.698   0  -7  626 746
 80  27.508  18.838   0  -8  783 903
 81  25.000  25.000   0   0    0 1000
