60 60 0 15 0
  0  25.000  25.000   0   0    0 1000
  1  13.850  26.773   0   9  331 451
  2  34.924  33.086   0  10  722 842
  3  31.720  11.567   0  14  704 824
  4  28.881  37.179   0  11  700 820
  5  41.328  33.122   0  12  652 772
  6  17.327  29.285   0  14  853 973
  7  22.503  21.888   0   6  728 848
  8  22.048  24.351   0  12  447 567
  9  36.595  28.844   0  10  356 476
 10   1.654   3.597   0  12  636 756
 11  47.114   2.880   0  10  514 634
 12   1.391  41.648   0  10  760 880
 13   7.407  46.855   0  11  713 833
 14  18.813  46.961   0  15  595 715
 15  40.003  25.432   0  14  765 885
 16  14.914  28.117   0   8  471 591
 17  22.596   8.832   0   8  762 882
 18  17.636  45.275   0   8  315 435
 19  46.958   7.590   0  14  690 810
 20  34.451   5.703   0   7  316 436
 21   2.994  22.136   0  11  518 638
 22  38.333  39.870   0  15  649 769
 23  13.195  12.961   0   6  295 415
 24  16.605  25.788   0  10  401 521
 25   5.014  42.745   0   7  460 580
 26  26.079   1.820   0  15  640 760
 27   3.522  33.992   0  14  802 922
 28  41.104  34.886   0   5  556 676
 29  14.032  29.354   0  13  673 793
 30  29.085  43.067   0   9  491 611
 31  11.656  13.989   0   7  794 914
 32  45.083  38.459   0  11  816 936
 33  29.697   8.788   0   8  302 422
 34  48.224  25.855   0  11  838 958
 35  46.562  12.931   0  13  829 949
 36  16.660   2.533   0  11  531 651
 37  12.706  18.166   0   5  848 968
 38  43.191  15.209   0   5  322 442
 39  35.998  25.518   0   7  597 717
 40   3.739   8.584   0   8  758 878
 41  11.362  26.051   0   8  811 931
 42  22.483  27.208   0  13  633 753
 43  11.783  11.296   0  10  691 811
 44  40.339   2.469   0   8  705 825
 45  43.365  43.582   0   5  473 593
 46  13.439  27.175   0  13  764 884
 47  43.579   1.432   0   9  605 725
 48   0.191  33.917   0   7  742 862
 49  19.258  49.550   0   9  645 765
 50  46.471  28.627   0  13  710 830
 51  42.102   6.144   0   9  680 800
 52   2.227  45.296   0   5  516 636
 53  24.738   0.009   0   6  386 506
 54   7.388  10.829   0   6  500 620
 55  19.156  37.067   0  15  654 774
 56   9.488  24.008   0   8  509 629
 57  30.111  46.947   0  10  450 570
 58  42.167   5.230   0  14  644 764
 59   2.426   5.935   0   7  466 586
 60  40.521  15.822   0  11  866 986
 61  34.548  16.947   0  -9  353 473
 62  28.402  46.895   0  -10  737 857
 63  16.459  40.222   0  -14  736 856
 64   2.980  41.789   0  -11  726 846
 65  27.881  11.250   0  -12  677 797
 66  12.338  31.567   0  -14  858 978
 67  24.993  36.846   0  -6  743 863
 68  34.128  43.463   0  -12  469 589
 69  37.055  14.494   0  -10  370 490
 70  42.347  34.900   0  -12  687 807
 71  21.314  35.006   0  -10  555 675
 72   4.802   1.609   0  -10  800 920
 73   3.391  29.245   0  -11  731 851
 74  32.467  49.455   0  -15  608 728
 75  40.532  24.883   0  -14  765 885
 76  43.111   6.773   0  -8  506 626
 77   7.223  34.563   0  -8  791 911
 78  16.030  15.249   0  -8  345 465
 79   8.135  15.820   0  -14  729 849
 80  30.819   3.480   0  -7  320 440
 81  15.362  11.994   0  -11  533 653
 82   5.307   2.384   0  -15  698 818
 83  47.712  34.265   0  -6  335 455
 84   9.968  45.713   0  -10  422 542
 85  39.265  24.082   0  -7  499 619
 86  39.826  36.958   0  -15  677 797
 87  31.608   6.402   0  -14  841 961
 88   0.621  16.762   0  -5  600 720
 89  33.641  41.836   0  -13  696 816
 90  18.985  21.045   0  -9  515 635
 91  27.031   7.841   0  -7  810 930
 92  32.057   9.578   0  -11  847 967
 93  42.026  44.074   0  -8  339 459
 94  34.019  12.171   0  -11  857 977
 95  41.886  31.076   0  -13  847 967
 96  44.692  14.562   0  -11  561 681
 97   8.588  23.120   0  -5  854 974
 98  21.135  31.892   0  -5  349 469
 99  13.347  44.698   0  -7  626 746
100  27.508  18.838   0  -8  783 903
101  11.490  25.126   0  -8  811 931
102   4.088  18.481   0  -13  653 773
103  29.404  12.838   0  -10  708 828
104   7.771   0.816   0  -8  737 857
105  24.744  16.408   0  -5  505 625
106   2.049  44.440   0  -13  784 904
107  32.950  30.817   0  -9  636 756
108  21.079  33.248   0  -7  762 882
109  48.734   0.580   0  -9  702 822
110  12.218   9.802   0  -13  749 869
111  11.705  25.190   0  -9  715 835
112  14.479   8.259   0  -5  555 675
113  16.761  29.237   0  -6  416 536
114  10.250   9.981   0  -6  502 622
115  27.266  28.179   0  -15  666 786
116  48.818  10.333   0  -8  550 670
117  38.688  31.838   0  -10  467 587
118  25.993  10.235   0  -14  660 780
119  45.954  26.277   0  -7  514 634
120  37.643   2.372   0  -11  879 999
121  25.000  25.000   0   0    0 1000
