75 75 0 15 0
  0  25.000  25.000   0   0    0 1000
  1  13.850  26.773   0   9  331 451
  2  34.924  33.086   0  10  722 842
  3  31.720  11.567   0  14  704 824
  4  28.881  37.179   0  11  700 820
  5  41.328  33.122   0  12  652 772
  6  17.327  29.285   0  14  853 973
  7  22.503  21.888   0   6  728 848
  8  22.048  24.351   0  12  447 567
  9  36.595  28.844   0  10  356 476
 10   1.654   3.597   0  12  636 756
 11  47.114   2.880   0  10  514 634
 12   1.391  41.648   0  10  760 880
 13   7.407  46.855   0  11  713 833
 14  18.813  46.961   0  15  595 715
 15  40.003  25.432   0  14  765 885
 16  14.914  28.117   0   8  471 591
 17  22.596   8.832   0   8  762 882
 18  17.636  45.275   0   8  315 435
 19  46.958   7.590   0  14  690 810
 20  34.451   5.703   0   7  316 436
 21   2.994  22.136   0  11  518 638
 22  38.333  39.870   0  15  649 769
 23  13.195  12.961   0   6  295 415
 24  16.605  25.788   0  10  401 521
 25   5.014  42.745   0   7  460 580
 26  26.079   1.820   0  15  640 760
 27   3.522  33.992   0  14  802 922
 28  41.104  34.886   0   5  556 676
 29  14.032  29.354   0  13  673 793
 30  29.085  43.067   0   9  491 611
 31  11.656  13.989   0   7  794 914
 32  45.083  38.459   0  11  816 936
 33  29.697   8.788   0   8  302 422
 34  48.224  25.855   0  11  838 958
 35  46.562  12.931   0  13  829 949
 36  16.660   2.533   0  11  531 651
 37  12.706  18.166   0   5  848 968
 38  43.191  15.209   0   5  322 442
 39  35.998  25.518   0   7  597 717
 40   3.739   8.584   0   8  758 878
 41  11.362  26.051   0   8  811 931
 42  22.483  27.208   0  13  633 753
 43  11.783  11.296   0  10  691 811
 44  40.339   2.469   0   8  705 825
 45  43.365  43.582   0   5  473 593
 46  13.439  27.175   0  13  764 884
 47  43.579   1.432   0   9  605 725
 48   0.191  33.917   0   7  742 862
 49  19.258  49.550   0   9  645 765
 50  46.471  28.627   0  13  710 830
 51  42.102   6.144   0   9  680 800
 52   2.227  45.296   0   5  516 636
 53  24.738   0.009   0   6  386 506
 54   7.388  10.829   0   6  500 620
 55  19.156  37.067   0  15  654 774
 56   9.488  24.008   0   8  509 629
 57  30.111  46.947   0  10  450 570
 58  42.167   5.230   0  14  644 764
 59   2.426   5.935   0   7  466 586
 60  40.521  15.822   0  11  866 986
 61  26.407  44.386   0   5  560 680
 62  39.102   5.834   0  12  505 625
 63  12.042   1.566   0   8  674 794
 64  13.226  46.732   0   9  499 619
 65   6.804  32.319   0   9  293 413
 66   6.679  42.116   0   5  557 677
 67  25.062  22.775   0  11  859 979
 68  22.228  26.525   0  10  509 629
 69  44.249   9.221   0  14  704 824
 70  20.929  11.375   0   5  374 494
 71  35.723  35.633   0  11  284 404
 72  45.228  26.229   0   8  783 903
 73  21.570  40.068   0  15  847 967
 74  39.755  13.719   0  15  428 548
 75  39.015  45.722   0   5  716 836
 76  34.548  16.947   0  -9  353 473
 77  28.402  46.895   0  -10  737 857
 78  16.459  40.222   0  -14  736 856
 79   2.980  41.789   0  -11  726 846
 80  27.881  11.250   0  -12  677 797
 81  12.338  31.567   0  -14  858 978
 82  24.993  36.846   0  -6  743 863
 83  34.128  43.463   0  -12  469 589
 84  37.055  14.494   0  -10  370 490
 85  42.347  34.900   0  -12  687 807
 86  21.314  35.006   0  -10  555 675
 87   4.802   1.609   0  -10  800 920
 88   3.391  29.245   0  -11  731 851
 89  32.467  49.455   0  -15  608 728
 90  40.532  24.883   0  -14  765 885
 91  43.111   6.773   0  -8  506 626
 92   7.223  34.563   0  -8  791 911
 93  16.030  15.249   0  -8  345 465
 94   8.135  15.820   0  -14  729 849
 95  30.819   3.480   0  -7  320 440
 96  15.362  11.994   0  -11  533 653
 97   5.307   2.384   0  -15  698 818
 98  47.712  34.265   0  -6  335 455
 99   9.968  45.713   0  -10  422 542
100  39.265  24.082   0  -7  499 619
101  39.826  36.958   0  -15  677 797
102  31.608   6.402   0  -14  841 961
103   0.621  16.762   0  -5  600 720
104  33.641  41.836   0  -13  696 816
105  18.985  21.045   0  -9  515 635
106  27.031   7.841   0  -7  810 930
107  32.057   9.578   0  -11  847 967
108  42.026  44.074   0  -8  339 459
109  34.019  12.171   0  -11  857 977
110  41.886  31.076   0  -13  847 967
111  44.692  14.562   0  -11  561 681
112   8.588  23.120   0  -5  854 974
113  21.135  31.892   0  -5  349 469
114  13.347  44.698   0  -7  626 746
115  27.508  18.838   0  -8  783 903
116  11.490  25.126   0  -8  811 931
117   4.088  18.481   0  -13  653 773
118  29.404  12.838   0  -10  708 828
119   7.771   0.816   0  -8  737 857
120  24.744  16.408   0  -5  505 625
121   2.049  44.440   0  -13  784 904
122  32.950  30.817   0  -9  636 756
123  21.079  33.248   0  -7  762 882
124  48.734   0.580   0  -9  702 822
125  12.218   9.802   0  -13  749 869
126  11.705  25.190   0  -9  715 835
127  14.479   8.259   0  -5  555 675
128  16.761  29.237   0  -6  416 536
129  10.250   9.981   0  -6  502 622
130  27.266  28.179   0  -15  666 786
131  48.818  10.333   0  -8  550 670
132  38.688  31.838   0  -10  467 587
133  25.993  10.235   0  -14  660 780
134  45.954  26.277   0  -7  514 634
135  37.643   2.372   0  -11  879 999
136  34.053   9.642   0  -5  595 715
137  23.997   5.385   0  -12  520 640
138  41.331  22.959   0  -8  710 830
139  20.455  17.561   0  -9  529 649
140  29.948  21.337   0  -9  318 438
141  32.474  25.332   0  -5  587 707
142  17.390  14.849   0  -11  870 990
143   3.566  12.940   0  -10  532 652
144  41.660  43.438   0  -14  738 858
145  40.038  19.404   0  -5  394 514
146  10.301  48.709   0  -11  312 432
147  11.380  24.836   0  -8  816 936
148  27.128  27.961   0  -15  860 980
149  20.280  46.004   0  -15  465 585
150  26.318   7.915   0  -5  755 875
151  25.000  25.000   0   0    0 1000
