30 30 0 20 0
  0  25.000  25.000   0   0    0 1000
  1   5.293  33.895   0   9  638 758
  2  39.612  41.714   0   5  794 914
  3  37.150   7.767   0  16  400 520
  4  20.410  42.960   0  20  861 981
  5  39.731   3.207   0  10  283 403
  6  13.064  46.942   0  20  618 738
  7  11.596  17.549   0   6  757 877
  8  35.094  10.910   0  18  478 598
  9  15.455  49.859   0   7  802 922
 10   9.693   8.836   0   9  734 854
 11  12.492  13.799   0   8  636 756
 12  24.334  41.503   0  18  458 578
 13  13.111  48.089   0  12  704 824
 14  24.422  33.443   0  12  438 558
 15  25.272  28.466   0  15  753 873
 16  42.778  11.453   0   7  502 622
 17  39.423  13.020   0  14  311 431
 18  32.147  17.898   0  14  461 581
 19  10.796   9.047   0  19  475 595
 20  30.328  42.175   0   7  364 484
 21  47.221  23.289   0   7  369 489
 22  40.113  10.096   0   6  701 821
 23   1.045  18.115   0  11  570 690
 24  49.688  11.707   0   7  502 622
 25   4.499   3.554   0  19  628 748
 26  48.159  31.667   0  11  576 696
 27  25.973   5.136   0  16  658 778
 28  43.619  12.027   0   8  418 538
 29  14.434  22.330   0  13  321 441
 30  21.136  12.236   0  12  308 428
 31  45.479  47.350   0  -9  680 800
 32  14.637   2.649   0  -5  840 960
 33  31.784  39.682   0  -16  432 552
 34  22.594  49.458   0  -20  867 987
 35   1.279   7.844   0  -10  321 441
 36  49.591   5.129   0  -20  673 793
 37  14.900   8.658   0  -6  766 886
 38  21.227  46.868   0  -18  516 636
 39   0.401   2.882   0  -7  851 971
 40   0.992  42.377   0  -9  768 888
 41   8.671  23.026   0  -8  645 765
 42  32.845  31.582   0  -18  471 591
 43   1.221  19.986   0  -12  734 854
 44  30.561  28.302   0  -12  446 566
 45  36.089  46.410   0  -15  773 893
 46  38.427  21.803   0  -7  513 633
 47  31.439   5.571   0  -14  321 441
 48  47.912  10.565   0  -14  478 598
 49  30.745   9.007   0  -19  494 614
 50  45.764   8.559   0  -7  400 520
 51   1.486  35.445   0  -7  416 536
 52   4.525  31.446   0  -6  742 862
 53   7.550  44.519   0  -11  597 717
 54   2.700  35.550   0  -7  554 674
 55  44.995  10.117   0  -19  669 789
 56  46.221  16.131   0  -11  591 711
 57  23.690  14.918   0  -16  668 788
 58  17.508  19.095   0  -8  445 565
 59  36.781  37.726   0  -13  348 468
 60   2.119   0.960   0  -12  330 450
 61  25.000  25.000   0   0    0 1000
