50 50 0 20 0
  0  25.000  25.000   0   0    0 1000
  1   5.293  33.895   0   9  638 758
  2  39.612  41.714   0   5  794 914
  3  37.150   7.767   0  16  400 520
  4  20.410  42.960   0  20  861 981
  5  39.731   3.207   0  10  283 403
  6  13.064  46.942   0  20  618 738
  7  11.596  17.549   0   6  757 877
  8  35.094  10.910   0  18  478 598
  9  15.455  49.859   0   7  802 922
 10   9.693   8.836   0   9  734 854
 11  12.492  13.799   0   8  636 756
 12  24.334  41.503   0  18  458 578
 13  13.111  48.089   0  12  704 824
 14  24.422  33.443   0  12  438 558
 15  25.272  28.466   0  15  753 873
 16  42.778  11.453   0   7  502 622
 17  39.423  13.020   0  14  311 431
 18  32.147  17.898   0  14  461 581
 19  10.796   9.047   0  19  475 595
 20  30.328  42.175   0   7  364 484
 21  47.221  23.289   0   7  369 489
 22  40.113  10.096   0   6  701 821
 23   1.045  18.115   0  11  570 690
 24  49.688  11.707   0   7  502 622
 25   4.499   3.554   0  19  628 748
 26  48.159  31.667   0  11  576 696
 27  25.973   5.136   0  16  658 778
 28  43.619  12.027   0   8  418 538
 29  14.434  22.330   0  13  321 441
 30  21.136  12.236   0  12  308 428
 31  20.912  47.276   0   5  667 787
 32  26.269  36.998   0  15  526 646
 33  48.913  24.144   0   8  452 572
 34  47.721  49.908   0  11  561 681
 35  22.170  47.329   0  16  614 734
 36  15.551  40.756   0   9  343 463
 37  34.908   1.211   0  12  823 943
 38  26.956   3.396   0   5  733 853
 39  13.282  37.101   0   9  509 629
 40   9.559   8.658   0   7  442 562
 41   1.850  21.646   0  18  679 799
 42   0.603  36.973   0   5  610 730
 43  32.309  40.291   0  16  285 405
 44  23.737  12.122   0   8  557 677
 45  23.149  43.945   0  15  367 487
 46  11.503  32.301   0  15  431 551
 47  49.325  46.771   0  16  406 526
 48  25.472  16.920   0  10  784 904
 49  18.109  29.506   0  14  376 496
 50  22.179  41.315   0  10  316 436
 51  45.479  47.350   0  -9  680 800
 52  14.637   2.649   0  -5  840 960
 53  31.784  39.682   0  -16  432 552
 54  22.594  49.458   0  -20  867 987
 55   1.279   7.844   0  -10  321 441
 56  49.591   5.129   0  -20  673 793
 57  14.900   8.658   0  -6  766 886
 58  21.227  46.868   0  -18  516 636
 59   0.401   2.882   0  -7  851 971
 60   0.992  42.377   0  -9  768 888
 61   8.671  23.026   0  -8  645 765
 62  32.845  31.582   0  -18  471 591
 63   1.221  19.986   0  -12  734 854
 64  30.561  28.302   0  -12  446 566
 65  36.089  46.410   0  -15  773 893
 66  38.427  21.803   0  -7  513 633
 67  31.439   5.571   0  -14  321 441
 68  47.912  10.565   0  -14  478 598
 69  30.745   9.007   0  -19  494 614
 70  45.764   8.559   0  -7  400 520
 71   1.486  35.445   0  -7  416 536
 72   4.525  31.446   0  -6  742 862
 73   7.550  44.519   0  -11  597 717
 74   2.700  35.550   0  -7  554 674
 75  44.995  10.117   0  -19  669 789
 76  46.221  16.131   0  -11  591 711
 77  23.690  14.918   0  -16  668 788
 78  17.508  19.095   0  -8  445 565
 79  36.781  37.726   0  -13  348 468
 80   2.119   0.960   0  -12  330 450
 81  31.146  45.793   0  -5  677 797
 82  22.081  43.214   0  -15  533 653
 83   5.049  22.902   0  -8  495 615
 84  12.182  49.069   0  -11  596 716
 85  46.369  46.347   0  -16  638 758
 86  44.962  41.950   0  -9  372 492
 87   7.997  20.798   0  -12  856 976
 88  30.495   1.115   0  -5  737 857
 89  38.031   9.776   0  -9  545 665
 90  12.311   1.997   0  -7  449 569
 91  29.696   1.954   0  -18  713 833
 92  16.175  49.689   0  -5  630 750
 93  39.175  48.552   0  -16  295 415
 94   2.346  12.934   0  -8  578 698
 95  41.948  35.684   0  -15  387 507
 96  30.347  44.421   0  -15  453 573
 97  47.082  37.630   0  -16  415 535
 98  18.368  21.754   0  -10  792 912
 99  16.572  31.196   0  -14  378 498
100   5.631  15.182   0  -10  346 466
101  25.000  25.000   0   0    0 1000
