65 65 0 20 0
  0  25.000  25.000   0   0    0 1000
  1   1.051  49.946   0  16  516 636
  2   4.516  20.988   0  13  736 856
  3  14.952   5.779   0  11  531 651
  4  28.792   8.192   0  16  629 749
  5  39.073  37.992   0  12  687 807
  6  36.078  42.884   0  16  824 944
  7  43.756  39.839   0   9  461 581
  8  16.630  40.978   0  12  645 765
  9  29.690  21.994   0  17  478 598
 10  25.655  35.468   0   9  344 464
 11  44.047  18.265   0  16  652 772
 12   8.825  28.118   0  20  569 689
 13   0.316  10.868   0  18  687 807
 14  10.074  27.230   0  15  491 611
 15  23.944  31.929   0   8  612 732
 16  10.754   7.048   0  14  840 960
 17  49.952  34.049   0  13  738 858
 18  40.087   0.922   0   5  836 956
 19  30.608   8.934   0   7  360 480
 20  17.882  48.053   0  20  544 664
 21  26.260  34.169   0  15  679 799
 22   6.977  47.019   0  18  343 463
 23   0.197  16.340   0   5  450 570
 24  16.202  28.640   0  13  588 708
 25  15.802  39.096   0   9  381 501
 26  32.943   3.075   0  10  845 965
 27   3.293  35.797   0   5  290 410
 28   6.834  14.700   0  12  834 954
 29  40.626  16.209   0  11  373 493
 30  41.162  31.886   0  14  609 729
 31  45.967  41.325   0  20  598 718
 32  18.501   0.615   0   6  562 682
 33  34.502  49.132   0  20  799 919
 34  49.352  16.285   0   9  680 800
 35   5.668  15.715   0  17  441 561
 36  11.030  41.600   0   5  493 613
 37  44.837  37.945   0  19  799 919
 38  45.227  45.043   0  19  418 538
 39  43.966  45.947   0   8  805 925
 40  18.350  17.172   0  15  327 447
 41  21.251  36.042   0   9  740 860
 42  25.977  17.463   0   9  284 404
 43  26.999  10.481   0  12  402 522
 44  22.224  35.756   0  10  355 475
 45  29.149  47.173   0  19  326 446
 46  49.944   0.398   0  16  512 632
 47   3.488  14.201   0  11  635 755
 48  42.672   8.972   0   6  623 743
 49   1.596  31.655   0  16  729 849
 50  25.982  37.157   0  12  462 582
 51  16.425   0.390   0  10  609 729
 52  26.704  36.553   0  18  337 457
 53   4.877   3.536   0   9  382 502
 54  12.179  13.826   0  19  508 628
 55  19.064  11.831   0   6  528 648
 56  39.370  31.571   0  17  720 840
 57  20.243  26.716   0   7  512 632
 58  13.340   9.923   0  10  295 415
 59  39.445  43.705   0   6  778 898
 60  26.525  29.768   0  17  518 638
 61  35.085   4.549   0  10  746 866
 62  19.056   6.105   0  19  440 560
 63  17.755  21.052   0  13  661 781
 64  28.694  30.752   0  12  749 869
 65  46.145   9.364   0  13  578 698
 66  13.444  12.484   0  -16  555 675
 67   7.732  17.946   0  -13  740 860
 68   1.886  39.326   0  -11  567 687
 69   7.281   3.214   0  -16  651 771
 70  37.773  43.593   0  -12  692 812
 71  30.400  16.924   0  -16  850 970
 72  21.894   7.184   0  -9  500 620
 73   1.652  48.851   0  -12  661 781
 74  18.780  47.577   0  -17  505 625
 75  41.875  21.886   0  -9  365 485
 76   1.341  30.599   0  -16  696 816
 77  20.934  10.378   0  -20  590 710
 78  12.017  41.752   0  -18  720 840
 79  29.653  43.851   0  -15  516 636
 80  10.043   7.387   0  -8  640 760
 81  26.449  15.081   0  -14  857 977
 82  23.670  10.838   0  -13  773 893
 83   9.171   9.818   0  -5  868 988
 84  15.083  11.187   0  -7  375 495
 85  40.666  17.200   0  -20  582 702
 86  19.088  37.366   0  -15  686 806
 87  36.182  16.337   0  -18  385 505
 88   6.521  34.495   0  -5  469 589
 89  17.453  16.059   0  -13  600 720
 90  21.896  41.779   0  -9  387 507
 91  15.708  17.849   0  -10  867 987
 92  19.459   8.134   0  -5  322 442
 93  30.204  49.357   0  -12  875 995
 94   0.150  16.678   0  -11  413 533
 95  40.107   7.616   0  -14  633 753
 96  23.476   4.414   0  -20  641 761
 97  42.481  24.819   0  -6  596 716
 98  49.775  31.966   0  -20  821 941
 99  49.607  45.765   0  -9  709 829
100   8.099   6.193   0  -17  450 570
101  37.186  32.419   0  -5  520 640
102  13.126  49.961   0  -19  832 952
103  13.077  38.760   0  -19  450 570
104   0.182  37.313   0  -8  849 969
105  10.978   8.543   0  -15  338 458
106   3.623   7.128   0  -9  773 893
107  17.502   4.320   0  -9  299 419
108  21.721  44.999   0  -12  436 556
109  48.442  33.325   0  -10  381 501
110  38.630  11.926   0  -19  362 482
111  43.270  17.242   0  -16  530 650
112   9.881   6.070   0  -11  645 765
113  13.973  46.991   0  -6  670 790
114  48.330  41.257   0  -16  776 896
115  25.231  38.577   0  -12  463 583
116  33.148  34.842   0  -10  647 767
117  30.483  24.316   0  -18  349 469
118   6.545  37.940   0  -9  416 536
119  22.569  42.689   0  -19  538 658
120  23.254   6.023   0  -6  535 655
121  46.729  45.603   0  -17  735 855
122   2.399  39.130   0  -7  533 653
123  21.983  34.912   0  -10  321 441
124   1.016  10.940   0  -6  828 948
125  23.746  23.838   0  -17  524 644
126   8.946  19.429   0  -10  776 896
127  16.975  29.432   0  -19  463 583
128  36.140  49.567   0  -13  694 814
129  19.813   5.888   0  -12  775 895
130  35.526  35.683   0  -13  606 726
131  25.000  25.000   0   0    0 1000
